0.0 0.611740473738414 0.32440782698249226 0.4737384140061792 0.5808444902162719 0.5561277033985582 0.4881565396498455 0.5540679711637487 0.6220391349124614
0.611740473738414 0.0 0.5561277033985582 0.45829042224510813 0.6652935118434603 0.3192584963954686 0.619979402677652 0.6477857878475798 0.4768280123583934
0.32440782698249226 0.5561277033985582 0.0 0.3079299691040165 0.5066941297631308 0.4737384140061792 0.33264675592173015 0.4840370751802266 0.5705458290422245
0.4737384140061792 0.45829042224510813 0.3079299691040165 0.0 0.5829042224510813 0.305870236869207 0.4737384140061792 0.5602471678681772 0.48094747682801237
0.5808444902162719 0.6652935118434603 0.5066941297631308 0.5829042224510813 0.0 0.6385169927909372 0.3161688980432544 0.48918640576725025 0.678681771369722
0.5561277033985582 0.3192584963954686 0.4737384140061792 0.305870236869207 0.6385169927909372 0.0 0.568486096807415 0.6107106076210093 0.33264675592173015
0.4881565396498455 0.619979402677652 0.33264675592173015 0.4737384140061792 0.3161688980432544 0.568486096807415 0.0 0.29660144181256437 0.6261585993820803
0.5540679711637487 0.6477857878475798 0.4840370751802266 0.5602471678681772 0.48918640576725025 0.6107106076210093 0.29660144181256437 0.0 0.6673532440782698
0.6220391349124614 0.4768280123583934 0.5705458290422245 0.48094747682801237 0.678681771369722 0.33264675592173015 0.6261585993820803 0.6673532440782698 0.0
